Valori proprii gamma1 ale matricei X*XT
[1.91279541e+01 1.91375876e+01 2.02471195e+01 2.08376679e+01
 2.13609392e+01 2.16216683e+01 2.38905875e+01 2.42518212e+01
 2.45388693e+01 2.50136490e+01 2.51360289e+01 2.60712478e+01
 2.65515604e+01 2.66963308e+01 2.72477766e+01 2.77283326e+01
 2.79472454e+01 2.97646891e+01 2.98357056e+01 3.01181392e+01
 3.10677025e+01 3.12005545e+01 3.19038539e+01 3.22198369e+01
 3.61206187e+01 3.65669516e+01 5.76558177e+01 3.89535289e+03
 1.56205287e+04 1.28609345e+06]

Valori proprii gamma2 ale matricei XT*X
[1.91279541e+01 1.91375876e+01 2.02471195e+01 2.08376679e+01
 2.13609392e+01 2.16216683e+01 2.38905875e+01 2.42518212e+01
 2.45388693e+01 2.50136490e+01 2.51360289e+01 2.60712478e+01
 2.65515604e+01 2.66963308e+01 2.72477766e+01 2.77283326e+01
 2.79472454e+01 2.97646891e+01 2.98357056e+01 3.01181392e+01
 3.10677025e+01 3.12005545e+01 3.19038539e+01 3.22198369e+01
 3.61206187e+01 3.65669516e+01 5.76558177e+01 3.89535289e+03
 1.56205287e+04 1.28609345e+06]

Valorile singulare sigma ale matricei X, la patrat
[1.91279541e+01 1.91375876e+01 2.02471195e+01 2.08376679e+01
 2.13609392e+01 2.16216683e+01 2.38905875e+01 2.42518212e+01
 2.45388693e+01 2.50136490e+01 2.51360289e+01 2.60712478e+01
 2.65515604e+01 2.66963308e+01 2.72477766e+01 2.77283326e+01
 2.79472454e+01 2.97646891e+01 2.98357056e+01 3.01181392e+01
 3.10677025e+01 3.12005545e+01 3.19038539e+01 3.22198369e+01
 3.61206187e+01 3.65669516e+01 5.76558177e+01 3.89535289e+03
 1.56205287e+04 1.28609345e+06]

||sigma**2-gamma1||
1.1787939914976484e-09

Diferenta intre vectorii proprii si vectorii singulari
4.5381354374077497e-10

